10
5 up
4 8 2 4 0
4 4 2 0 8
8 0 2 4 4
2 2 2 2 8
0 2 2 0 0
2 down
16 2
0 2
5 left
4 4 2 0 2
2 0 2 0 0
8 4 2 0 0
4 2 4 2 0
2 2 2 2 0
5 right
0 2 2 2 2
4 0 4 2 8
0 0 2 0 0
0 2 4 2 4
8 8 8 8 8
5 up
4 2 4 4 0
2 0 0 4 0
4 2 2 4 0
4 2 0 4 0
8 0 4 4 2
10 down
2 2 2 2 2 2 2 2 2 2
0 2 0 4 0 8 0 0 2 2
2 4 0 4 0 0 2 4 0 0
2 0 0 2 0 0 0 2 0 4
2 0 0 4 0 0 2 4 0 0
2 4 0 4 0 8 0 2 0 0
2 0 0 2 0 0 2 4 0 8
2 0 0 4 0 0 0 2 0 8
2 2 0 4 0 0 2 4 0 0
2 2 2 2 0 16 0 4 0 16
5 left
2 0 0 0 2
2 0 0 0 2
2 0 0 0 2
2 0 0 0 2
2 0 0 0 2
5 right
2 0 0 0 2
2 0 0 0 2
2 0 0 0 2
2 0 0 0 2
2 0 0 0 2
5 up
2 2 2 2 2
0 0 0 0 0
0 0 0 0 0
0 0 0 0 0
2 2 2 2 2
5 down
2 2 2 2 2
0 0 0 0 0 
0 0 0 0 0
0 0 0 0 0
2 2 2 2 2